2422
140	141	139
141	438	142
142	139	141
60	56	139
139	142	60
61	145	539
539	144	61
58	344	143
143	154	58
143	344	57
57	152	143
345	147	62
62	148	345
345	148	518
518	519	345
345	146	59
59	147	345
519	520	146
146	345	519
57	140	346
346	152	57
56	149	347
347	139	56
347	149	63
63	150	347
151	64	152
152	346	151
140	139	347
347	346	140
346	347	150
150	151	346
143	152	64
64	153	143
153	65	154
154	143	153
59	146	348
348	156	59
348	146	520
520	521	348
522	155	348
348	521	522
155	66	156
156	348	155
62	147	157
157	159	62
157	147	59
156	66	70
70	158	538
538	156	70
538	71	159
159	157	538
71	538	158
62	159	72
350	349	160
160	161	350
158	70	162
162	350	158
73	164	349
349	163	73
161	71	158
158	350	161
350	162	163
163	349	350
349	164	74
74	160	349
162	70	66
66	165	162
166	77	73
73	163	166
163	162	165
165	166	163
71	161	543
543	170	71
497	495	167
167	351	497
351	167	75
75	168	351
541	76	170
170	543	541
542	497	351
542	351	168
168	169	542
471	3	24
24	473	471
2	171	353
353	25	2
171	78	172
172	353	171
80	174	352
352	173	80
473	24	25
25	353	473
353	172	173
173	352	353
81	537	83
83	218	81
175	176	83
83	537	175
175	4	5
5	176	175
354	178	83
83	176	354
176	5	26
26	354	176
354	26	6
6	177	354
177	84	178
178	354	177
179	178	84
355	27	7
7	180	355
180	86	181
181	355	180
84	177	501
501	502	84
27	355	501
501	503	27
581	182	87
356	182	581
581	183	356
505	82	179
179	504	505
181	86	182
182	356	181
84	502	504
504	179	84
82	505	506
183	581	582
582	185	183
581	87	186
186	582	581
582	186	221
221	583	582
357	28	4
4	175	357
494	537	81
81	187	494
494	357	175
175	537	494
357	494	493
493	188	357
188	8	28
28	357	188
358	189	89
89	190	358
191	568	569
569	90	191
187	81	189
189	358	187
568	187	358
88	187	568
568	191	88
193	570	567
192	190	89
89	369	192
90	569	570
570	193	90
193	194	90
359	30	9
9	195	359
195	92	196
196	359	195
549	546	78
78	171	549
171	2	545
545	549	171
359	196	197
197	360	359
360	29	30
30	359	360
361	198	92
92	195	361
195	9	31
31	361	195
188	493	198
198	361	188
361	31	8
8	188	361
508	184	362
362	507	508
199	507	509
509	93	199
586	199	93
93	91	586
93	212	200
200	91	93
199	586	193
193	363	199
194	193	586
586	91	194
82	506	566
566	567	82
193	567	363
460	456	85
85	201	460
184	460	201
201	362	184
406	202	362
362	201	406
364	56	60
60	498	364
364	204	94
94	205	364
498	496	204
204	364	498
56	364	205
205	206	56
207	96	208
208	365	207
365	208	95
95	203	365
365	209	78
78	207	365
209	365	203
203	60	209
205	94	97
97	210	205
211	63	149
149	206	211
206	149	56
206	205	210
210	211	206
94	204	164
164	73	94
204	496	74
74	164	204
208	96	75
75	167	208
167	495	95
95	208	167
73	77	97
97	94	73
548	547	75
75	96	548
200	212	213
213	214	200
191	366	198
198	88	191
194	91	215
215	366	194
198	366	215
215	92	198
90	194	366
366	191	90
197	196	367
367	550	197
367	215	91
91	200	367
548	96	207
207	368	548
550	367	200
200	214	550
368	207	78
78	546	368
196	92	215
215	367	196
370	369	216
216	217	370
370	218	83
83	178	370
179	82	192
192	369	179
218	370	217
217	535	218
369	370	178
178	179	369
216	369	89
89	534	216
534	89	189
189	98	534
536	81	218
218	535	536
98	189	81
81	536	98
10	219	559
559	32	10
219	99	558
558	559	219
456	460	580
580	571	456
458	222	34
34	459	458
459	12	468
468	458	459
102	11	33
33	223	102
572	573	223
223	33	572
373	574	575
575	225	373
226	104	268
268	391	226
226	225	104
227	102	223
223	373	227
458	468	469
469	457	458
226	227	373
373	225	226
372	574	573
573	222	372
224	372	457
457	105	224
233	105	457
457	469	233
229	576	577
576	571	221
221	455	576
105	377	229
229	224	105
224	229	577
577	575	224
377	85	456
456	229	377
230	36	13
13	106	230
499	35	231
231	103	499
551	552	36
36	230	551
470	228	375
375	232	470
232	375	553
553	554	232
375	228	103
103	231	375
230	106	234
234	374	230
551	553	375
375	231	551
374	234	107
107	466	374
85	377	376
376	236	85
235	462	236
236	376	235
233	376	377
377	105	233
376	470	232
232	235	376
107	378	467
467	466	107
109	107	234
234	237	109
234	106	108
108	237	234
106	13	14
14	108	106
378	239	101
101	467	378
378	107	109
109	238	378
238	110	239
239	378	238
380	379	240
240	241	380
380	242	115
115	243	380
245	244	114
114	415	245
245	379	244
241	113	242
242	380	241
379	380	243
243	244	379
379	245	112
112	240	379
247	382	381
381	246	247
381	250	115
115	242	381
248	117	249
249	382	248
246	381	242
242	113	246
382	247	116
116	248	382
382	249	250
250	381	382
252	384	383
383	251	252
383	255	117
117	248	383
253	500	254
254	384	253
111	500	253
253	510	111
251	383	248
248	116	251
384	252	118
118	253	384
254	255	383
383	384	254
253	118	257
257	510	253
118	385	256
256	257	118
258	259	241
241	240	258
240	112	119
119	258	240
259	120	113
113	241	259
260	261	247
247	246	260
246	113	120
120	260	246
261	533	116
116	247	261
121	118	252
252	251	121
121	251	116
116	533	121
385	119	112
112	256	385
118	121	122
122	385	118
119	385	122
260	120	259
260	259	258
260	258	532
258	119	122
122	532	258
532	533	261
261	260	532
533	532	122
122	121	533
262	386	243
243	115	262
263	386	262
262	123	263
386	263	114
114	244	386
244	243	386
387	262	115
115	250	387
249	117	264
265	123	262
262	387	265
264	387	250
250	249	264
387	264	124
124	265	387
255	517	264
264	117	255
111	266	517
266	124	264
264	517	266
517	500	111
517	255	254
254	500	517
564	388	389
268	388	564
564	267	268
393	392	390
390	391	393
390	270	102
102	227	390
391	390	227
227	226	391
267	393	391
391	268	267
392	269	270
270	390	392
11	102	270
270	37	11
37	270	269
269	394	37
389	388	395
455	100	578
578	579	455
388	579	578
578	271	388
388	271	272
272	395	388
274	397	396
396	273	274
220	396	560
560	561	220
273	396	220
220	99	273
396	397	562
562	560	396
398	273	99
99	219	398
219	10	38
38	398	219
398	38	39
39	399	398
399	274	273
273	398	399
276	68	277
277	400	276
237	108	275
275	400	237
400	277	109
109	237	400
400	275	67
67	276	400
278	69	279
279	401	278
238	109	277
277	401	238
401	279	110
110	238	401
401	277	68
68	278	401
108	14	40
40	275	108
275	40	1
1	67	275
402	403	405
405	404	402
93	509	511
511	212	93
402	213	212
212	511	402
281	464	512
512	513	281
544	282	76
76	541	544
168	75	547
547	404	168
280	514	511
511	202	280
511	509	202
282	544	464
464	281	282
404	405	169
169	168	404
404	547	213
213	402	404
236	406	201
201	85	236
461	101	283
283	465	461
283	125	463
463	465	283
236	462	407
407	406	236
406	407	280
280	202	406
408	409	283
110	284	529
285	111	530
530	531	285
284	285	531
531	529	284
409	286	125
125	283	409
283	101	239
239	408	283
281	411	410
410	282	281
410	289	79
79	287	410
288	411	515
515	516	288
282	410	287
287	76	282
286	515	513
513	125	286
411	288	289
289	410	411
474	291	126
126	492	474
490	15	41
41	412	490
412	41	3
3	471	412
174	80	291
291	474	174
413	298	292
292	557	413
298	415	114
114	292	298
294	527	556
556	129	294
129	556	557
557	293	129
556	527	413
413	557	556
296	414	528
528	526	296
79	297	414
414	296	79
292	302	293
293	557	292
528	527	294
294	295	528
297	413	414
413	297	298
416	415	417
415	416	112
417	298	297
297	289	417
289	297	79
257	516	510
257	416	288
288	516	257
112	245	415
298	417	415
417	288	416
288	417	289
416	257	256
256	112	416
475	43	487
487	290	475
472	488	299
299	418	472
300	128	301
301	419	300
16	42	419
419	301	16
299	300	419
419	418	299
42	43	475
475	419	42
292	114	263
263	302	292
263	123	130
130	302	263
130	123	265
265	131	130
265	124	131
303	131	124
124	266	303
303	266	132
420	421	304
420	266	111
111	285	420
284	110	279
279	421	284
421	420	285
285	284	421
421	279	69
69	304	421
304	132	266
266	420	304
45	16	301
301	422	45
128	305	422
422	301	128
423	306	134
134	307	423
307	17	44
44	423	307
422	305	306
306	423	422
423	44	45
45	422	423
425	306	305
305	424	425
129	424	308
424	129	309
425	310	135
128	308	424
424	305	128
424	309	310
310	425	424
425	135	134
134	306	425
312	427	426
426	311	312
426	309	129
129	293	426
302	130	311
313	135	310
310	427	313
311	426	293
293	302	311
427	312	133
133	313	427
427	310	309
309	426	427
428	317	131
131	303	428
303	132	314
314	428	303
429	315	18
18	46	429
46	19	316
316	429	46
428	314	315
315	429	428
429	316	317
317	428	429
316	318	319
319	317	316
317	319	130
130	131	317
318	316	19
19	20	318
287	79	320
320	430	287
430	320	72
72	159	430
430	170	76
76	287	430
170	430	159
159	71	170
434	433	431
431	432	434
431	311	130
130	319	431
318	20	47
47	432	318
434	48	21
21	321	434
322	133	312
312	433	322
432	431	319
319	318	432
432	47	48
48	434	432
433	434	321
321	322	433
433	312	311
311	431	433
435	313	322
322	321	435
435	49	22
22	323	435
321	21	49
49	435	321
313	435	323
323	135	313
133	322	313
134	135	323
323	307	134
323	22	17
17	307	323
436	142	438
438	437	436
436	172	78
78	209	436
209	60	142
142	436	209
540	324	438
438	141	540
325	80	173
173	437	325
437	438	324
324	325	437
437	173	172
172	436	437
439	440	300
300	299	439
491	127	295
295	439	491
308	440	294
294	129	308
439	299	488
488	491	439
295	294	440
440	439	295
128	300	440
440	308	128
327	136	328
328	441	327
441	328	80
80	325	441
441	145	61
61	327	441
145	441	325
325	324	145
442	328	136
136	329	442
329	489	326
326	442	329
442	326	126
126	291	442
291	80	328
328	442	291
72	330	443
443	62	72
443	330	523
523	524	443
62	443	148
148	443	524
524	518	148
523	525	329
329	136	523
330	72	320
320	444	330
444	320	79
79	296	444
525	526	489
489	329	525
332	67	1
1	50	332
51	0	54
54	331	51
331	332	50
50	51	331
336	337	445
445	446	336
445	278	68
68	333	445
334	55	335
335	446	334
446	445	333
333	334	446
446	335	137
137	336	446
337	69	278
278	445	337
447	304	69
69	337	447
336	137	338
338	448	336
448	338	138
138	339	448
340	132	304
304	447	340
448	447	337
337	336	448
447	448	339
339	340	447
452	451	449
449	450	452
449	314	132
132	340	449
339	138	341
341	450	339
452	342	23
23	52	452
53	18	315
315	451	53
450	449	340
340	339	450
450	341	342
342	452	450
451	452	52
52	53	451
451	315	314
314	449	451
334	333	453
453	454	334
453	276	67
67	332	453
331	54	343
343	454	331
454	453	332
332	331	454
454	343	55
55	334	454
333	68	276
276	453	333
455	221	186
186	100	455
561	563	371
371	220	561
558	99	220
220	371	558
222	458	457
457	372	222
104	579	388
388	268	104
462	235	555
555	461	462
461	555	467
467	101	461
464	544	405
405	403	464
463	512	514
514	280	463
465	407	462
462	461	465
465	463	280
280	407	465
235	232	554
554	555	235
12	499	103
103	468	12
103	228	469
469	468	103
228	470	233
233	469	228
233	470	376
473	352	174
174	471	473
352	473	353
412	474	492
492	490	412
474	412	471
471	174	474
418	475	290
290	472	418
475	418	419
54	0	476
476	477	54
335	55	478
478	479	335
137	335	479
479	480	137
338	137	480
480	481	338
138	338	481
481	482	138
341	138	482
482	483	341
23	342	484
484	485	23
342	341	483
483	484	342
343	54	477
477	486	343
55	343	486
486	478	55
488	472	492
492	126	488
15	490	290
290	487	15
127	489	526
127	491	326
326	489	127
126	326	491
491	488	126
490	492	472
472	290	490
493	494	187
187	88	493
493	88	198
160	497	161
495	497	160
160	74	495
203	498	60
496	498	203
203	95	496
74	496	95
95	495	74
355	181	502
502	501	355
501	177	6
6	503	501
183	505	504
504	356	183
356	504	502
502	181	356
185	506	505
505	183	185
363	508	507
507	199	363
507	362	202
202	509	507
506	185	565
565	566	506
463	125	513
513	512	463
402	511	514
514	403	402
516	515	286
286	530	516
516	530	111
111	510	516
515	411	281
281	513	515
464	403	514
514	512	464
519	518	61
61	144	519
144	58	520
520	519	144
521	520	58
58	154	521
65	522	521
521	154	65
524	523	136
136	327	524
61	518	524
524	327	61
525	523	330
330	444	525
526	525	444
444	296	526
526	528	295
295	127	526
527	528	414
414	413	527
408	239	110
110	529	408
286	409	531
531	530	286
409	408	529
529	531	409
216	534	98
216	98	536
216	536	535
216	535	217
157	59	156
156	538	157
540	539	145
145	324	540
540	141	140
140	57	540
58	144	539
539	344	58
539	540	57
57	344	539
161	497	542
542	543	161
541	543	542
542	169	541
169	405	544
544	541	169
546	549	360
360	197	546
29	360	549
549	545	29
547	548	214
214	213	547
197	550	368
368	546	197
548	368	550
550	214	548
231	35	552
552	551	231
374	466	554
554	553	374
230	374	553
553	551	230
466	467	555
555	554	466
180	7	32
32	559	180
559	558	86
86	180	559
100	186	87
87	563	100
86	558	371
371	182	86
561	560	271
271	578	561
561	578	100
100	563	561
560	562	272
272	271	560
563	87	182
182	371	563
583	221	571
571	580	583
585	580	460
460	184	585
565	583	580
580	585	565
584	567	566
508	363	567
567	584	508
184	508	584
584	585	184
568	358	190
190	569	568
82	567	570
570	192	82
190	192	570
570	569	190
572	34	222
222	573	572
574	372	224
224	575	574
373	223	573
573	574	373
104	577	576
576	455	104
229	456	571
571	576	229
104	225	575
575	577	104
104	455	579
185	582	583
583	565	185
585	584	566
566	565	585
673	672	674
675	970	674
674	672	675
672	589	593
593	675	672
1065	678	594
594	677	1065
676	877	591
591	687	676
590	877	676
676	685	590
595	680	878
878	681	595
1044	681	878
878	1045	1044
592	679	878
878	680	592
679	1046	1045
1045	878	679
879	673	590
590	685	879
880	682	589
589	672	880
596	682	880
880	683	596
685	597	684
684	879	685
880	672	673
673	879	880
683	880	879
879	684	683
597	685	676
676	686	597
687	598	686
686	676	687
881	679	592
592	689	881
1046	679	881
881	1047	1046
881	688	1048
1048	1047	881
689	599	688
688	881	689
690	680	595
595	692	690
690	592	680
689	603	599
1064	691	603
603	689	1064
692	604	1064
1064	690	692
604	691	1064
595	605	692
693	882	883
883	694	693
695	603	691
691	883	695
882	697	606
606	696	882
691	604	694
694	883	691
696	695	883
883	882	696
607	697	882
882	693	607
599	603	695
695	698	599
606	610	699
699	696	606
698	695	696
696	699	698
1069	694	604
604	703	1069
700	1023	1025
1025	884	700
608	700	884
884	701	608
703	609	1067
1067	1069	703
1068	884	1025
701	884	1068
1068	702	701
24	3	1002
1002	1004	24
886	704	2
2	25	886
705	611	704
704	886	705
885	707	613
613	706	885
25	24	1004
1004	886	25
706	705	886
886	885	706
616	1063	614
614	751	616
616	709	708
708	1063	616
5	4	708
708	709	5
616	711	887
887	709	616
26	5	709
709	887	26
6	26	887
887	710	6
711	617	710
710	887	711
712	617	711
7	27	888
888	713	7
714	619	713
713	888	714
1028	710	617
617	1029	1028
1028	888	27
27	503	1028
1104	620	715
1104	715	889
889	716	1104
712	615	1031
1031	1030	712
715	619	714
714	889	715
1030	1029	617
617	712	1030
615	1032	1031
1105	1104	716
716	718	1105
719	620	1104
1104	1105	719
754	719	1105
1105	1106	754
4	28	890
890	708	4
614	1063	1022
1022	720	614
708	890	1022
1022	1063	708
1021	1022	890
890	721	1021
28	8	721
721	890	28
622	722	891
891	723	622
1093	1092	724
724	623	1093
722	614	720
720	891	722
1092	891	720
1092	720	621
621	724	1092
726	1091	1094
622	723	725
725	902	622
1094	1093	623
623	726	1094
726	623	727
9	30	892
892	728	9
729	625	728
728	892	729
611	1071	1074
1074	704	611
545	2	704
704	1074	545
730	729	892
892	893	730
30	29	893
893	892	30
625	731	894
894	728	625
31	9	728
728	894	31
731	1021	721
721	894	731
8	31	894
894	721	8
895	717	1034
1034	1033	895
1035	1033	732
732	626	1035
626	732	1109
1109	624	626
733	745	626
626	624	733
726	1109	732
732	896	726
1109	726	727
727	624	1109
1090	1032	615
615	1091	1090
726	896	1091
618	988	991
991	734	618
734	991	717
717	895	734
895	735	938
938	734	895
593	589	897
897	1026	593
627	737	897
897	738	627
737	1024	1026
1026	897	737
738	897	589
589	739	738
741	629	740
740	898	741
628	741	898
898	736	628
611	742	898
898	740	611
736	898	742
742	593	736
630	627	738
738	743	630
682	596	744
744	739	682
739	589	682
743	738	739
739	744	743
697	737	627
627	606	697
607	1024	737
737	697	607
608	629	741
741	700	608
628	1023	700
700	741	628
630	610	606
606	627	630
608	1072	1073
1073	629	608
746	745	733
733	747	746
731	899	724
724	621	731
748	624	727
727	899	748
731	748	899
748	731	625
899	727	623
623	724	899
900	729	730
730	1075	900
624	748	900
900	733	624
740	629	1073
1073	901	740
733	900	1075
1075	747	733
611	740	901
901	1071	611
748	625	729
729	900	748
749	902	903
903	750	749
616	751	903
903	711	616
725	615	712
712	902	725
750	903	751
751	1061	750
711	903	902
902	712	711
622	902	749
749	1060	622
722	622	1060
1060	631	722
751	614	1062
1062	1061	751
614	722	631
631	1062	614
1083	752	10
10	32	1083
1082	632	752
752	1083	1082
1103	991	988
988	1095	1103
34	755	990
990	459	34
999	12	459
459	990	999
33	11	635
635	756	33
756	1096	572
572	33	756
1098	1097	906
906	758	1098
801	637	759
759	924	801
759	637	758
756	635	760
760	906	756
1000	999	990
990	989	1000
906	760	759
759	758	906
1096	1097	905
905	755	1096
989	905	757
757	638	989
989	638	766
766	1000	989
762	1100	1099
754	1095	1099
1099	987	754
762	910	638
638	757	762
1100	762	757
757	1098	1100
988	618	910
910	762	988
13	36	763
763	639	13
764	35	499
499	636	764
36	552	1076
1076	763	36
908	761	1001
1001	765	908
1077	908	765
765	1078	1077
636	761	908
908	764	636
767	639	763
763	907	767
908	1077	1076
1076	764	908
640	767	907
907	997	640
909	910	618
618	769	909
769	993	768
768	909	769
910	909	766
766	638	910
765	1001	909
909	768	765
998	911	640
640	997	998
767	640	642
642	770	767
641	639	767
767	770	641
14	13	639
639	641	14
634	772	911
911	998	634
642	640	911
911	771	642
772	643	771
771	911	772
773	912	913
913	774	773
648	775	913
913	776	648
647	777	778
778	947	647
778	777	912
775	646	774
774	913	775
776	913	912
912	777	776
645	778	912
912	773	645
914	915	780
780	779	914
648	783	914
914	775	648
782	650	781
781	915	782
775	914	779
779	646	775
649	780	915
915	781	649
783	782	915
915	914	783
916	917	785
785	784	916
650	788	916
916	781	650
787	1027	786
786	917	787
786	1027	644
644	1036	786
781	916	784
784	649	781
651	785	917
917	786	651
916	788	787
787	917	916
790	651	786
786	1036	790
789	918	651
651	790	789
774	792	791
791	773	774
652	645	773
773	791	652
646	653	792
792	774	646
780	794	793
793	779	780
653	646	779
779	793	653
649	1059	794
794	780	649
785	651	654
654	784	785
649	784	654
654	1059	649
645	652	918
918	789	645
655	654	651
651	918	655
652	655	918
793	1058	791
793	791	792
793	792	653
655	652	791
791	1058	655
794	1059	1058
1058	793	794
655	1058	1059
1059	654	655
776	919	795
795	648	776
795	919	796
796	656	795
647	796	919
919	777	647
777	919	776
648	795	920
920	783	648
782	797	650
795	656	798
798	920	795
783	920	797
797	782	783
657	797	920
920	798	657
797	1043	788
788	650	797
644	1043	799
797	657	799
799	1043	797
1043	644	1027
787	788	1043
1043	1027	787
1088	922	921
1088	921	801
801	800	1088
923	925	926
926	924	923
635	803	923
923	760	635
760	923	924
924	759	760
924	926	800
800	801	924
803	802	925
925	923	803
803	635	11
11	37	803
802	803	37
37	394	802
922	927	921
1101	633	987
987	1102	1101
1101	1102	921
921	804	1101
805	804	921
921	927	805
928	929	807
807	806	928
1084	928	753
753	1085	1084
753	928	806
806	632	753
1086	929	928
928	1084	1086
632	806	930
930	752	632
38	10	752
752	930	38
39	38	930
930	931	39
806	807	931
931	930	806
810	601	809
809	932	810
808	641	770
770	932	808
642	810	932
932	770	642
600	808	932
932	809	600
812	602	811
811	933	812
810	642	771
771	933	810
643	812	933
933	771	643
601	810	933
933	811	601
40	14	641
641	808	40
1	40	808
808	600	1
937	935	934
934	936	937
1037	1035	626
626	745	1037
745	746	934
934	1037	745
1038	995	814
814	1039	1038
609	815	1070
1070	1067	609
1072	608	701
701	936	1072
1037	1040	813
813	735	1037
1037	735	1035
995	1070	815
815	814	995
702	937	936
936	701	702
746	1072	936
936	934	746
734	938	769
769	618	734
816	634	992
992	996	816
994	658	816
816	996	994
939	993	769
769	938	939
813	939	938
938	735	813
940	816	941
643	1055	817
1056	644	818
818	1057	1056
1057	818	817
817	1055	1057
658	819	941
941	816	658
772	634	816
816	940	772
942	943	814
814	815	942
612	822	942
942	820	612
1041	943	821
821	1042	1041
820	942	815
815	609	820
1039	1041	819
819	658	1039
822	821	943
943	942	822
659	824	1005
1005	1020	659
41	15	1018
1018	944	41
3	41	944
944	1002	3
824	613	707
707	1005	824
825	831	945
945	1081	825
647	947	831
831	825	647
1080	1053	827
827	662	1080
1081	1080	662
662	826	1081
945	1053	1080
1080	1081	945
1054	946	829
829	1052	1054
946	830	612
612	829	946
826	835	825
825	1081	826
827	1053	1054
1054	828	827
830	946	945
945	831	830
948	949	947
947	645	948
830	831	949
949	822	830
822	612	830
790	1036	1042
821	948	790
790	1042	821
645	947	778
831	947	949
949	948	821
821	822	949
789	790	948
948	645	789
487	43	1006
1006	823	487
832	1016	1003
1003	950	832
834	661	833
833	951	834
951	42	16
16	834	951
951	833	832
832	950	951
1006	43	42
42	951	1006
796	647	825
825	835	796
663	656	796
796	835	663
798	656	663
663	664	798
798	664	657
657	664	836
836	799	657
836	665	799
952	837	953
644	799	952
952	818	644
812	643	817
817	953	812
818	952	953
953	817	818
602	812	953
953	837	602
799	665	837
837	952	799
834	16	45
45	954	834
954	838	661
661	834	954
667	839	955
955	840	667
44	17	840
840	955	44
839	838	954
954	955	839
45	44	955
955	954	45
838	839	957
957	956	838
662	841	956
956	842	662
957	668	843
661	956	841
956	661	838
843	842	956
956	957	843
667	668	957
957	839	667
958	959	845
845	844	958
662	842	958
958	826	662
835	844	663
843	668	846
846	959	843
826	958	844
844	835	826
666	845	959
959	846	666
842	843	959
959	958	842
664	850	960
960	836	664
847	665	836
836	960	847
18	848	961
961	46	18
849	19	46
46	961	849
848	847	960
960	961	848
850	849	961
961	960	850
852	851	849
849	850	852
663	852	850
850	664	663
19	849	851
851	20	19
853	612	820
820	962	853
605	853	962
962	692	605
609	703	962
962	820	609
692	962	703
703	604	692
963	965	966
966	964	963
663	844	963
963	852	663
47	20	851
851	964	47
21	48	966
966	854	21
845	666	855
855	965	845
852	963	964
964	851	852
48	47	964
964	966	48
854	966	965
965	855	854
844	845	965
965	963	844
855	846	967
967	854	855
22	49	967
967	856	22
49	21	854
854	967	49
856	967	846
846	668	856
666	846	855
856	668	667
667	840	856
17	22	856
856	840	17
970	675	968
968	969	970
611	705	968
968	742	611
675	593	742
742	968	675
970	857	1066
1066	674	970
706	613	858
858	969	706
857	970	969
969	858	857
705	706	969
969	968	705
833	972	971
971	832	833
828	660	1019
1019	971	828
827	972	841
841	662	827
1016	832	971
971	1019	1016
972	827	828
828	971	972
972	833	661
661	841	972
861	669	860
860	973	861
613	861	973
973	858	613
594	678	973
973	860	594
858	973	678
678	857	858
669	861	974
974	862	669
859	1017	862
862	974	859
659	859	974
974	824	659
861	613	824
824	974	861
975	863	605
605	595	975
1049	863	975
975	1050	1049
595	681	975
1050	975	681
681	1044	1050
862	1051	1049
1049	669	862
853	605	863
863	976	853
612	853	976
976	829	612
1017	1052	1051
1051	862	1017
1	600	865
865	50	1
587	0	51
51	864	587
50	865	864
864	51	50
977	870	869
869	978	977
601	811	977
977	866	601
868	588	867
867	978	868
866	977	978
978	867	866
670	868	978
978	869	670
811	602	870
870	977	811
602	837	979
979	870	602
871	670	869
869	980	871
671	871	980
980	872	671
837	665	873
873	979	837
870	979	980
980	869	870
872	980	979
979	873	872
981	983	984
984	982	981
665	847	981
981	873	665
874	671	872
872	982	874
23	875	984
984	52	23
848	18	53
53	983	848
873	981	982
982	872	873
875	874	982
982	984	875
52	984	983
983	53	52
847	848	983
983	981	847
985	866	867
867	986	985
600	809	985
985	865	600
876	587	864
864	986	876
865	985	986
986	864	865
588	876	986
986	867	588
809	601	866
866	985	809
719	754	987
987	633	719
904	1087	1085
1085	753	904
753	632	1082
1082	904	753
989	990	755
755	905	989
921	1102	637
637	801	921
1079	768	993
993	992	1079
998	1079	992
992	634	998
937	1070	995
995	935	937
1040	1038	994
994	813	1040
993	939	996
996	992	993
813	994	996
996	939	813
1078	765	768
768	1079	1078
636	499	12
12	999	636
1000	761	636
636	999	1000
766	1001	761
761	1000	766
766	909	1001
707	885	1004
1004	1002	707
885	886	1004
1020	1005	944
944	1018	1020
1002	944	1005
1005	707	1002
823	1006	950
950	1003	823
1006	951	950
476	0	587
587	1007	476
1008	588	868
868	1009	1008
1009	868	670
670	1010	1009
1010	670	871
871	1011	1010
1011	871	671
671	1012	1011
1012	671	874
874	1013	1012
1014	875	23
23	485	1014
1013	874	875
875	1014	1013
1007	587	876
876	1015	1007
1015	876	588
588	1008	1015
1020	1003	1016
1016	659	1020
823	1018	15
15	487	823
660	1052	1017
859	1019	660
660	1017	859
1019	859	659
659	1016	1019
1003	1020	1018
1018	823	1003
720	1022	1021
1021	621	720
1021	731	621
693	694	1025
693	1025	1023
1023	607	693
736	593	1026
736	1026	1024
1024	628	736
628	1024	607
607	1023	628
1029	714	888
888	1028	1029
6	710	1028
1028	503	6
1030	1031	716
716	889	1030
1029	1030	889
889	714	1029
1031	1032	718
718	716	1031
1033	1034	896
896	732	1033
735	895	1033
1033	1035	735
1089	718	1032
1032	1090	1089
1039	658	994
994	1038	1039
1040	1037	934
934	935	1040
819	1041	1042
1042	1056	819
644	1056	1042
1042	1036	644
814	943	1041
1041	1039	814
1040	935	995
995	1038	1040
594	1044	1045
1045	677	594
1046	591	677
677	1045	1046
591	1046	1047
1047	687	591
1047	1048	598
598	687	1047
669	1049	1050
1050	860	669
1050	1044	594
594	860	1050
863	1049	1051
1051	976	863
976	1051	1052
1052	829	976
828	1054	1052
1052	660	828
946	1054	1053
1053	945	946
643	772	940
940	1055	643
1057	941	819
819	1056	1057
1055	940	941
941	1057	1055
749	750	1061
749	1061	1062
749	1062	631
749	631	1060
689	592	690
690	1064	689
678	1065	1066
1066	857	678
673	674	1066
1066	590	673
1065	677	591
591	877	1065
590	1066	1065
1065	877	590
1068	1025	694
694	1069	1068
1068	1069	1067
1067	702	1068
1070	937	702
702	1067	1070
893	1074	1071
1071	730	893
1074	893	29
29	545	1074
747	1073	1072
1072	746	747
901	1075	730
730	1071	901
1075	901	1073
1073	747	1075
552	35	764
764	1076	552
1078	997	907
907	1077	1078
1077	907	763
763	1076	1077
1079	998	997
997	1078	1079
32	7	713
713	1083	32
619	1082	1083
1083	713	619
620	719	633
633	1087	620
904	1082	619
619	715	904
804	1084	1085
1085	1101	804
633	1101	1085
1085	1087	633
805	1086	1084
1084	804	805
715	620	1087
1087	904	715
1095	754	1106
1106	1103	1095
991	1103	1108
1108	717	991
1103	1106	1089
1089	1108	1103
1107	1090	1091
1091	896	1034
1034	1107	1091
1107	1034	717
717	1108	1107
723	891	1092
1092	1093	723
1094	1091	615
615	725	1094
1094	725	723
723	1093	1094
755	34	572
572	1096	755
757	905	1097
1097	1098	757
1096	756	906
906	1097	1096
1099	1100	637
637	987	1099
1095	988	762
762	1099	1095
1098	758	637
637	1100	1098
637	1102	987
1106	1105	718
718	1089	1106
1090	1107	1108
1108	1089	1090
1110	1111	1121
1110	1121	1120
1111	1140	1142
1111	1142	1121
1112	1113	1123
1112	1123	1122
1113	1114	1124
1113	1124	1123
1114	1115	1125
1114	1125	1124
1115	1116	1126
1115	1126	1125
1116	1141	1143
1116	1143	1126
1117	1118	1128
1117	1128	1127
1118	1119	1129
1118	1129	1128
1120	1121	1131
1120	1131	1130
1121	1142	1144
1121	1144	1131
1122	1123	1133
1122	1133	1132
1123	1124	1134
1123	1134	1133
1124	1125	1135
1124	1135	1134
1125	1126	1136
1125	1136	1135
1126	1143	1145
1126	1145	1136
1127	1128	1138
1127	1138	1137
1128	1129	1139
1128	1139	1138
1138	1131	1144
1137	1138	1144
1133	1134	1135
1133	1135	1136
1132	1133	1136
1132	1136	1145
1140	1112	1142
1122	1142	1112
1141	1117	1143
1127	1143	1117
1142	1122	1144
1132	1144	1122
1143	1127	1145
1137	1145	1127
1131	1138	1139
1131	1139	1130
1144	1132	1145
1144	1145	1137
1110	1154	1146
1110	1120	1154
1146	1172	1170
1146	1154	1172
1147	1156	1148
1147	1155	1156
1148	1157	1149
1148	1156	1157
1149	1158	1150
1149	1157	1158
1150	1159	1151
1150	1158	1159
1151	1173	1171
1151	1159	1173
1152	1161	1153
1152	1160	1161
1153	1129	1119
1153	1161	1129
1120	1162	1154
1120	1130	1162
1154	1174	1172
1154	1162	1174
1155	1164	1156
1155	1163	1164
1156	1165	1157
1156	1164	1165
1157	1166	1158
1157	1165	1166
1158	1167	1159
1158	1166	1167
1159	1175	1173
1159	1167	1175
1160	1169	1161
1160	1168	1169
1161	1139	1129
1161	1169	1139
1169	1174	1162
1168	1174	1169
1164	1166	1165
1164	1167	1166
1163	1167	1164
1163	1175	1167
1170	1172	1147
1155	1147	1172
1171	1173	1152
1160	1152	1173
1172	1174	1155
1163	1155	1174
1173	1175	1160
1168	1160	1175
1162	1139	1169
1162	1130	1139
1174	1175	1163
1174	1168	1175
1176	1177	1187
1176	1187	1186
1177	1178	1188
1177	1188	1187
1178	1179	1189
1178	1189	1188
1179	1180	1190
1179	1190	1189
1180	1181	1191
1180	1191	1190
1181	1182	1192
1181	1192	1191
1182	1183	1193
1182	1193	1192
1183	1184	1194
1183	1194	1193
1184	1185	1195
1184	1195	1194
1186	1187	1197
1186	1197	1196
1187	1188	1198
1187	1198	1197
1188	1189	1199
1188	1199	1198
1189	1190	1200
1189	1200	1199
1190	1191	1201
1190	1201	1200
1191	1192	1202
1191	1202	1201
1192	1193	1203
1192	1203	1202
1193	1194	1204
1193	1204	1203
1194	1195	1205
1194	1205	1204
1205	1196	1197
1204	1205	1197
1204	1197	1198
1203	1204	1198
1199	1200	1201
1199	1201	1202
1198	1199	1202
1198	1202	1203
1176	1214	1206
1176	1186	1214
1206	1215	1207
1206	1214	1215
1207	1216	1208
1207	1215	1216
1208	1217	1209
1208	1216	1217
1209	1218	1210
1209	1217	1218
1210	1219	1211
1210	1218	1219
1211	1220	1212
1211	1219	1220
1212	1221	1213
1212	1220	1221
1213	1195	1185
1213	1221	1195
1186	1222	1214
1186	1196	1222
1214	1223	1215
1214	1222	1223
1215	1224	1216
1215	1223	1224
1216	1225	1217
1216	1224	1225
1217	1226	1218
1217	1225	1226
1218	1227	1219
1218	1226	1227
1219	1228	1220
1219	1227	1228
1220	1229	1221
1220	1228	1229
1221	1205	1195
1221	1229	1205
1205	1222	1196
1229	1222	1205
1229	1223	1222
1228	1223	1229
1224	1226	1225
1224	1227	1226
1223	1227	1224
1223	1228	1227
1230	1231	1232
1230	1233	1234
1230	1234	1231
1231	1235	1236
1231	1236	1232
1233	1237	1238
1233	1238	1234
1234	1238	1235
1234	1235	1231
1235	1239	1240
1235	1240	1236
1237	1241	1242
1237	1242	1238
1238	1242	1239
1238	1239	1235
1243	1244	1240
1240	1239	1243
1245	1246	1242
1242	1241	1245
1246	1243	1239
1239	1242	1246
1247	1248	1249
1247	1249	1250
1247	1250	1251
1248	1252	1253
1248	1253	1249
1249	1253	1254
1249	1254	1250
1250	1254	1255
1250	1255	1251
1252	1256	1257
1252	1257	1253
1253	1257	1258
1253	1258	1254
1254	1258	1259
1254	1259	1255
1260	1261	1257
1257	1256	1260
1261	1262	1258
1258	1257	1261
1262	1263	1259
1259	1258	1262
1264	1265	1271
1271	1270	1264
1265	1266	1272
1272	1271	1265
1283	1267	1273
1266	1283	1273
1272	1266	1273
1267	1268	1274
1274	1273	1267
1268	1269	1275
1275	1274	1268
1284	1264	1270
1269	1284	1270
1275	1269	1270
1271	1276	1270
1272	1276	1271
1273	1276	1272
1274	1276	1273
1275	1276	1274
1270	1276	1275
1265	1264	1277
1277	1278	1265
1266	1265	1278
1278	1279	1266
1285	1283	1266
1266	1279	1285
1268	1267	1280
1280	1281	1268
1269	1268	1281
1281	1282	1269
1286	1284	1269
1269	1282	1286
1280	1267	1283
1283	1285	1280
1277	1264	1284
1284	1286	1277
